M1=100;
K1=50;
b=50;

