% -------------------------------------------------------------------
%  Generated by MATLAB on 9-Dec-2020 11:43:38
%  MATLAB version: 9.8.0.1451342 (R2020a) Update 5
% -------------------------------------------------------------------
                                     

K1 = 50;

K12 = 50;

M1 = 100;

M2 = 0;

b = 50;

